-9999 -9999 -9999 2312.01293945 2334.75390625 2341.51196289 2338.36694336 -9999 -9999 -9999 -9999 -9999 -9999 -9999 -9999 -9999 -9999 -9999 -9999 -9999 -9999 -9999 -9999 -9999 -9999 -9999 -9999 -9999 -9999 -9999 -9999 -9999 -9999 -9999 -9999 -9999 -9999 -9999 -9999 -9999 -9999 -9999 -9999 -9999 -9999 
-9999 -9999 2285.07397461 2338.12597656 2379.90087891 2408.27099609 2391.31689453 2374.83789062 -9999 -9999 -9999 -9999 -9999 -9999 -9999 -9999 -9999 -9999 -9999 -9999 -9999 -9999 -9999 -9999 -9999 -9999 -9999 -9999 -9999 -9999 -9999 -9999 -9999 -9999 -9999 -9999 -9999 -9999 -9999 -9999 -9999 -9999 -9999 -9999 -9999 
-9999 2256.51489258 2301.24389648 2358.09106445 2413.94506836 2453.92089844 2465.12695312 2449.15991211 2407 -9999 -9999 -9999 -9999 -9999 -9999 -9999 -9999 -9999 -9999 -9999 -9999 -9999 -9999 -9999 -9999 -9999 -9999 -9999 -9999 -9999 -9999 -9999 -9999 -9999 -9999 -9999 -9999 -9999 -9999 -9999 -9999 -9999 -9999 -9999 -9999 
-9999 2261.09692383 2310.12207031 2384.875 -9999 -9999 -9999 -9999 -9999 2419.11108398 -9999 -9999 -9999 -9999 -9999 -9999 -9999 -9999 -9999 -9999 -9999 -9999 -9999 -9999 -9999 -9999 -9999 -9999 -9999 -9999 -9999 -9999 -9999 -9999 -9999 -9999 -9999 -9999 -9999 -9999 -9999 -9999 -9999 -9999 -9999 
2233.95996094 2264.28710938 -9999 -9999 -9999 -9999 -9999 -9999 -9999 -9999 2419.35009766 -9999 -9999 -9999 -9999 -9999 -9999 -9999 -9999 -9999 -9999 -9999 -9999 -9999 -9999 -9999 -9999 -9999 -9999 -9999 -9999 -9999 -9999 -9999 -9999 -9999 -9999 -9999 -9999 -9999 -9999 -9999 -9999 -9999 -9999 
-9999 -9999 -9999 -9999 -9999 -9999 -9999 -9999 -9999 -9999 2486.10205078 2444.04394531 2420.14501953 -9999 -9999 -9999 -9999 -9999 -9999 -9999 -9999 -9999 -9999 -9999 -9999 -9999 -9999 -9999 -9999 -9999 -9999 -9999 -9999 2880.43896484 2913.50390625 2930.39599609 2945.65795898 2963.13208008 2932.59008789 -9999 -9999 -9999 -9999 -9999 -9999 
-9999 -9999 -9999 -9999 -9999 -9999 -9999 -9999 -9999 -9999 -9999 2526.125 2481.78295898 2444.15087891 -9999 -9999 -9999 -9999 -9999 -9999 -9999 -9999 -9999 -9999 -9999 -9999 -9999 -9999 -9999 -9999 -9999 2848.04589844 2888.97412109 2950.29101562 2996.18798828 3018.73095703 3043.43603516 3045.03710938 3026.98803711 2955.05395508 2932.81591797 -9999 -9999 -9999 -9999 
-9999 -9999 -9999 -9999 -9999 -9999 -9999 -9999 -9999 -9999 -9999 -9999 2539.48999023 2502.68310547 2476.61889648 2455.84399414 -9999 -9999 -9999 -9999 -9999 -9999 -9999 -9999 -9999 -9999 -9999 -9999 -9999 2784.51391602 2827.16992188 2905.25610352 2968.85791016 3032.02001953 3062.66308594 3125.01489258 3138.57495117 3121.96508789 3126.91699219 3084.4309082 2984.35595703 2993.41503906 3007.75805664 3044.11401367 -9999 
-9999 -9999 -9999 -9999 -9999 -9999 -9999 -9999 -9999 -9999 -9999 -9999 2597.25610352 2557.1940918 2529.86303711 2510.37792969 2492.78710938 2490.58911133 -9999 -9999 -9999 -9999 -9999 -9999 -9999 -9999 -9999 2706.83911133 2753.94091797 2803.09204102 2884.78710938 2956.94702148 3027.51489258 3081.57592773 3140.49707031 3202.58105469 3244.54101562 3231.48291016 3240.19799805 3228.36108398 3175.72607422 3084.38598633 3087.86206055 3104.03393555 3134.42504883 
-9999 -9999 -9999 -9999 -9999 -9999 -9999 -9999 -9999 -9999 -9999 -9999 -9999 2621.04199219 2584.68994141 2557.88598633 2535.72900391 2532.20703125 2538.81201172 2533.36499023 -9999 2561.90087891 2577.15209961 2602.41699219 2616.76806641 2638.5390625 2681.03295898 2714.90600586 2751.78491211 2816.25097656 2879.24511719 2936.66503906 2992.83398438 3057.06298828 3113.49291992 3178.30102539 3233.50805664 -9999 -9999 -9999 3290.37402344 3254.21704102 3247.71289062 3241.76098633 3251.38500977 
-9999 -9999 -9999 -9999 -9999 -9999 -9999 -9999 -9999 -9999 -9999 -9999 -9999 2686.00610352 2650.27905273 2609.23193359 2594.36108398 2590.07495117 2587.97290039 2596.16088867 2602.54907227 2611.90795898 2613.80200195 2620.93994141 2641.23901367 2657.6640625 2681.4609375 2727.35205078 2765.87792969 2800.60498047 2855.99194336 2902.03393555 2969.22412109 3026.88500977 3086.82910156 3151.125 3201.10302734 -9999 -9999 -9999 -9999 -9999 -9999 -9999 -9999 
-9999 -9999 -9999 -9999 -9999 -9999 -9999 -9999 -9999 -9999 -9999 -9999 -9999 -9999 2708.54003906 2673.10107422 2667.66894531 2651.90795898 2654.35888672 2658.86010742 2655.0090332 2677.96411133 2680.6550293 2678.57910156 2705.59008789 2715.83105469 2718.97900391 2741.04907227 2777.4440918 2807.53491211 2844.20092773 2883.2980957 2941.54003906 3018.88598633 3073.76000977 3130.67504883 -9999 -9999 -9999 -9999 -9999 -9999 -9999 -9999 -9999 
-9999 -9999 -9999 -9999 -9999 -9999 -9999 -9999 -9999 -9999 -9999 -9999 -9999 -9999 2762.80200195 2733.97094727 2732.37207031 2726.60888672 2719.50292969 2709.83691406 2707.62988281 2732.23608398 2728.89306641 2726.69189453 2744.62695312 2761.93994141 2772.87792969 2785.48291016 2783.76293945 2805.78710938 2837.00805664 2876.6340332 2939.92700195 3006.5859375 -9999 -9999 -9999 -9999 -9999 -9999 -9999 -9999 -9999 -9999 -9999 
-9999 -9999 -9999 -9999 -9999 -9999 -9999 -9999 -9999 -9999 -9999 -9999 -9999 -9999 -9999 2792.53588867 2776.40307617 2802.6940918 2791.75195312 2761.55004883 2752.68505859 2747.60009766 2777.04492188 2769.06201172 2797.68701172 2833.77807617 2850.02807617 2843.30200195 2842.45288086 2857.99707031 2879.10009766 2904.39111328 2943.57299805 -9999 -9999 -9999 -9999 -9999 -9999 -9999 -9999 -9999 -9999 -9999 -9999 
-9999 -9999 -9999 -9999 -9999 -9999 -9999 -9999 -9999 -9999 -9999 -9999 -9999 -9999 -9999 2856 2847.29199219 2878.6730957 2863.82910156 2832.98388672 2811.26708984 2800.65893555 2812.58496094 2826.41699219 2856.71606445 2897.40209961 2928.56811523 2913.29907227 2913.93505859 2924.9909668 2931.34790039 -9999 -9999 -9999 -9999 -9999 -9999 -9999 -9999 -9999 -9999 -9999 -9999 -9999 -9999 
-9999 -9999 -9999 -9999 -9999 -9999 -9999 -9999 -9999 -9999 -9999 -9999 -9999 -9999 -9999 -9999 -9999 -9999 -9999 -9999 -9999 2873.56103516 2871.76489258 2899.15698242 2922.24291992 2956.04492188 2984.76904297 2958.53491211 -9999 -9999 -9999 -9999 -9999 -9999 -9999 -9999 -9999 -9999 -9999 -9999 -9999 -9999 -9999 -9999 -9999 
-9999 -9999 -9999 -9999 -9999 -9999 -9999 -9999 -9999 -9999 -9999 -9999 -9999 -9999 -9999 -9999 -9999 -9999 -9999 -9999 -9999 -9999 -9999 -9999 2972.16088867 3009.76904297 -9999 -9999 -9999 -9999 -9999 -9999 -9999 -9999 -9999 -9999 -9999 -9999 -9999 -9999 -9999 -9999 -9999 -9999 -9999 
